All values are in atomic unit.



R(bohrs)  E_BO             7Li_ad	  6Li_ad	   H_ad	           D_ad	           T_ad	          7LiH_ad          6LiH_ad	   7LiD_ad	   6LiD_ad	   7LiT_ad	    6LiT_ad	 E_BO+7LiH_ad	 E_BO+6LiH_ad	 E_BO+7LiD_ad	 E_BO+6LiD_ad	 E_BO+7LiT_ad	 E_BO+6LiT_ad
-------------------------------------------------------------------------------------------------------------------------------------------------------------------------------------------------------------------------------------------------------------------------------------------------------
1.8 	-7.95255847 	0.00062478 	0.00072877 	0.00043230 	0.00021626 	0.00014440 	0.00105708 	0.00116107 	0.00084104 	0.00094503 	0.00057670 	0.00036066 	-7.95150140 	-7.95139741 	-7.95171744 	-7.95161345 	-7.95198178 	-7.95219782 
1.9 	-7.97916308 	0.00062113 	0.00072450 	0.00041593 	0.00020807 	0.00013893 	0.00103705 	0.00114043 	0.00082919 	0.00093257 	0.00055486 	0.00034700 	-7.97812603 	-7.97802265 	-7.97833389 	-7.97823051 	-7.97860822 	-7.97881608 
2.0 	-8.00076117 	0.00061809 	0.00072097 	0.00040223 	0.00020121 	0.00013436 	0.00102032 	0.00112320 	0.00081931 	0.00092218 	0.00053658 	0.00033557 	-7.99974085 	-7.99963797 	-7.99994186 	-7.99983898 	-8.00022458 	-8.00042560 
2.1 	-8.01817912 	0.00061554 	0.00071799 	0.00039020 	0.00019520 	0.00013034 	0.00100574 	0.00110819 	0.00081074 	0.00091319 	0.00052054 	0.00032553 	-8.01717338 	-8.01707093 	-8.01736838 	-8.01726593 	-8.01765858 	-8.01785358 
2.2 	-8.03210938 	0.00061331 	0.00071539 	0.00037959 	0.00018989 	0.00012680 	0.00099291 	0.00109499 	0.00080320 	0.00090528 	0.00050639 	0.00031669 	-8.03111647 	-8.03101439 	-8.03130617 	-8.03120410 	-8.03160299 	-8.03179269 
2.3 	-8.04312660 	0.00061143 	0.00071319 	0.00037026 	0.00018522 	0.00012368 	0.00098169 	0.00108346 	0.00079665 	0.00089842 	0.00049394 	0.00030890 	-8.04214491 	-8.04204314 	-8.04232995 	-8.04222818 	-8.04263265 	-8.04281769 
2.4 	-8.05171076 	0.00060982 	0.00071132 	0.00036188 	0.00018103 	0.00012088 	0.00097170 	0.00107320 	0.00079085 	0.00089235 	0.00048276 	0.00030191 	-8.05073906 	-8.05063757 	-8.05091991 	-8.05081842 	-8.05122800 	-8.05140885 
2.5 	-8.05826245 	0.00060842 	0.00070968 	0.00035443 	0.00017730 	0.00011839 	0.00096285 	0.00106411 	0.00078572 	0.00088698 	0.00047282 	0.00029569 	-8.05729961 	-8.05719834 	-8.05747673 	-8.05737547 	-8.05778963 	-8.05796676 
2.6 	-8.06311748 	0.00060718 	0.00070824 	0.00034771 	0.00017394 	0.00011615 	0.00095489 	0.00105595 	0.00078112 	0.00088218 	0.00046385 	0.00029008 	-8.06216259 	-8.06206154 	-8.06233636 	-8.06223530 	-8.06265363 	-8.06282740 
2.7 	-8.06655584 	0.00060612 	0.00070700 	0.00034165 	0.00017091 	0.00011412 	0.00094778 	0.00104866 	0.00077703 	0.00087792 	0.00045578 	0.00028504 	-8.06560807 	-8.06550718 	-8.06577881 	-8.06567793 	-8.06610006 	-8.06627081 
2.8 	-8.06881303 	0.00060518 	0.00070590 	0.00033614 	0.00016815 	0.00011228 	0.00094131 	0.00104204 	0.00077333 	0.00087405 	0.00044842 	0.00028043 	-8.06787172 	-8.06777099 	-8.06803970 	-8.06793898 	-8.06836461 	-8.06853260 
2.9 	-8.07008606 	0.00060436 	0.00070495 	0.00033116 	0.00016566 	0.00011062 	0.00093552 	0.00103611 	0.00077002 	0.00087062 	0.00044178 	0.00027628 	-8.06915054 	-8.06904995 	-8.06931604 	-8.06921545 	-8.06964428 	-8.06980978 
3.0 	-8.07054063 	0.00060364 	0.00070411 	0.00032673 	0.00016344 	0.00010914 	0.00093037 	0.00103084 	0.00076709 	0.00086756 	0.00043586 	0.00027258 	-8.06961026 	-8.06950979 	-8.06977354 	-8.06967307 	-8.07010477 	-8.07026805 
3	-8.07054063 	0.00060365 	0.00070412 	0.00032655 	0.00016336 	0.00010908 	0.00093019 	0.00103067 	0.00076700 	0.00086747 	0.00043563 	0.00027243 	-8.06961044 	-8.06950996 	-8.06977363 	-8.06967316 	-8.07010500 	-8.07026820 
3.015	-8.07054727 	0.00060357 	0.00070402 	0.00032589 	0.00016303 	0.00010886 	0.00092946 	0.00102992 	0.00076659 	0.00086705 	0.00043475 	0.00027189 	-8.06961781 	-8.06951735 	-8.06978067 	-8.06968021 	-8.07011251 	-8.07027538 
3.1	-8.07031639 	0.00060300 	0.00070336 	0.00032250 	0.00016133 	0.00010772 	0.00092550 	0.00102586 	0.00076433 	0.00086469 	0.00043022 	0.00026905 	-8.06939089 	-8.06929052 	-8.06955206 	-8.06945169 	-8.06988617 	-8.07004733 
3.2	-8.06953082 	0.00060243 	0.00070270 	0.00031879 	0.00015948 	0.00010649 	0.00092122 	0.00102149 	0.00076191 	0.00086218 	0.00042528 	0.00026596 	-8.06860960 	-8.06850933 	-8.06876892 	-8.06866865 	-8.06910554 	-8.06926486 
3.3	-8.06828302 	0.00060195 	0.00070214 	0.00031542 	0.00015779 	0.00010536 	0.00091737 	0.00101756 	0.00075974 	0.00085993 	0.00042078 	0.00026315 	-8.06736565 	-8.06726546 	-8.06752328 	-8.06742309 	-8.06786224 	-8.06801987 
3.4	-8.06665693 	0.00060155 	0.00070168 	0.00031215 	0.00015615 	0.00010427 	0.00091370 	0.00101383 	0.00075771 	0.00085783 	0.00041642 	0.00026042 	-8.06574323 	-8.06564310 	-8.06589922 	-8.06579910 	-8.06624051 	-8.06639651 
3.5	-8.06472319 	0.00060116 	0.00070121 	0.00030923 	0.00015469 	0.00010329 	0.00091039 	0.00101045 	0.00075585 	0.00085591 	0.00041253 	0.00025799 	-8.06381280 	-8.06371274 	-8.06396734 	-8.06386728 	-8.06431066 	-8.06446520 
3.6	-8.06254219 	0.00060086 	0.00070086 	0.00030659 	0.00015337 	0.00010241 	0.00090745 	0.00100746 	0.00075423 	0.00085424 	0.00040900 	0.00025578 	-8.06163474 	-8.06153473 	-8.06178796 	-8.06168795 	-8.06213318 	-8.06228640 
3.7	-8.06016418 	0.00060058 	0.00070054 	0.00030409 	0.00015212 	0.00010158 	0.00090467 	0.00100464 	0.00075270 	0.00085267 	0.00040567 	0.00025370 	-8.05925950 	-8.05915954 	-8.05941147 	-8.05931151 	-8.05975851 	-8.05991048 
3.8	-8.05763248 	0.00060033 	0.00070025 	0.00030177 	0.00015096 	0.00010080 	0.00090210 	0.00100202 	0.00075129 	0.00085121 	0.00040257 	0.00025176 	-8.05673038 	-8.05663046 	-8.05688119 	-8.05678127 	-8.05722991 	-8.05738072 
3.9	-8.05498403 	0.00060013 	0.00070001 	0.00029984 	0.00014999 	0.00010016 	0.00089996 	0.00099985 	0.00075012 	0.00085001 	0.00039999 	0.00025015 	-8.05408407 	-8.05398418 	-8.05423391 	-8.05413402 	-8.05458404 	-8.05473388 
4	-8.05224940 	0.00060000 	0.00069986 	0.00029800 	0.00014907 	0.00009954 	0.00089800 	0.00099786 	0.00074907 	0.00084894 	0.00039754 	0.00024862 	-8.05135140 	-8.05125154 	-8.05150033 	-8.05140047 	-8.05185186 	-8.05200079 
4.1	-8.04945489 	0.00059986 	0.00069970 	0.00029618 	0.00014816 	0.00009893 	0.00089604 	0.00099588 	0.00074802 	0.00084786 	0.00039512 	0.00024710 	-8.04855885 	-8.04845901 	-8.04870687 	-8.04860703 	-8.04905977 	-8.04920779 
4.2	-8.04662293 	0.00059975 	0.00069957 	0.00029453 	0.00014734 	0.00009838 	0.00089428 	0.00099410 	0.00074709 	0.00084691 	0.00039291 	0.00024572 	-8.04572865 	-8.04562883 	-8.04587584 	-8.04577602 	-8.04623001 	-8.04637721 
4.3	-8.04377297 	0.00059972 	0.00069954 	0.00029310 	0.00014662 	0.00009791 	0.00089282 	0.00099264 	0.00074634 	0.00084616 	0.00039101 	0.00024453 	-8.04288014 	-8.04278033 	-8.04302662 	-8.04292681 	-8.04338196 	-8.04352844 
4.4	-8.04092057 	0.00059963 	0.00069944 	0.00029158 	0.00014586 	0.00009740 	0.00089121 	0.00099101 	0.00074550 	0.00084530 	0.00038897 	0.00024326 	-8.04002936 	-8.03992956 	-8.04017508 	-8.04007527 	-8.04053160 	-8.04067731 
4.5	-8.03808039 	0.00059967 	0.00069948 	0.00029034 	0.00014524 	0.00009698 	0.00089001 	0.00098982 	0.00074492 	0.00084473 	0.00038732 	0.00024222 	-8.03719038 	-8.03709057 	-8.03733547 	-8.03723566 	-8.03769307 	-8.03783816 
4.6	-8.03526326 	0.00059969 	0.00069950 	0.00028895 	0.00014455 	0.00009652 	0.00088864 	0.00098845 	0.00074424 	0.00084405 	0.00038547 	0.00024106 	-8.03437462 	-8.03427480 	-8.03451902 	-8.03441921 	-8.03487779 	-8.03502219 
4.7	-8.03247917 	0.00059976 	0.00069958 	0.00028792 	0.00014403 	0.00009617 	0.00088767 	0.00098750 	0.00074379 	0.00084361 	0.00038409 	0.00024020 	-8.03159150 	-8.03149168 	-8.03173539 	-8.03163556 	-8.03209508 	-8.03223897 
4.8	-8.02973712 	0.00059984 	0.00069967 	0.00028696 	0.00014355 	0.00009585 	0.00088680 	0.00098664 	0.00074339 	0.00084323 	0.00038282 	0.00023941 	-8.02885032 	-8.02875048 	-8.02899373 	-8.02889390 	-8.02935430 	-8.02949771 
4.9	-8.02704441 	0.00059994 	0.00069980 	0.00028597 	0.00014306 	0.00009552 	0.00088592 	0.00098577 	0.00074300 	0.00084285 	0.00038150 	0.00023858 	-8.02615849 	-8.02605864 	-8.02630141 	-8.02620155 	-8.02666291 	-8.02680582 
5	-8.02440673 	0.00060011 	0.00069999 	0.00028500 	0.00014257 	0.00009520 	0.00088511 	0.00098499 	0.00074268 	0.00084256 	0.00038020 	0.00023777 	-8.02352162 	-8.02342174 	-8.02366405 	-8.02356417 	-8.02402653 	-8.02416896 
5.1	-8.02182995 	0.00060022 	0.00070012 	0.00028434 	0.00014224 	0.00009498 	0.00088456 	0.00098447 	0.00074246 	0.00084237 	0.00037932 	0.00023722 	-8.02094538 	-8.02084548 	-8.02108749 	-8.02098758 	-8.02145063 	-8.02159273 
5.2	-8.01931846 	0.00060045 	0.00070039 	0.00028374 	0.00014194 	0.00009478 	0.00088419 	0.00098413 	0.00074239 	0.00084233 	0.00037852 	0.00023672 	-8.01843427 	-8.01833433 	-8.01857607 	-8.01847613 	-8.01893994 	-8.01908174 
5.3	-8.01687662 	0.00060068 	0.00070066 	0.00028309 	0.00014161 	0.00009456 	0.00088377 	0.00098375 	0.00074230 	0.00084227 	0.00037765 	0.00023618 	-8.01599285 	-8.01589287 	-8.01613432 	-8.01603435 	-8.01649897 	-8.01664044 
5.4	-8.01450804 	0.00060096 	0.00070098 	0.00028259 	0.00014137 	0.00009440 	0.00088355 	0.00098357 	0.00074232 	0.00084235 	0.00037699 	0.00023576 	-8.01362449 	-8.01352447 	-8.01376572 	-8.01366569 	-8.01413106 	-8.01427228 
5.5	-8.01221569 	0.00060125 	0.00070132 	0.00028246 	0.00014130 	0.00009435 	0.00088371 	0.00098378 	0.00074255 	0.00084262 	0.00037681 	0.00023565 	-8.01133198 	-8.01123191 	-8.01147314 	-8.01137307 	-8.01183888 	-8.01198004 
5.6	-8.01000162 	0.00060155 	0.00070167 	0.00028189 	0.00014102 	0.00009416 	0.00088344 	0.00098356 	0.00074256 	0.00084268 	0.00037605 	0.00023518 	-8.00911818 	-8.00901806 	-8.00925906 	-8.00915894 	-8.00962557 	-8.00976644 
5.7	-8.00786867 	0.00060188 	0.00070205 	0.00028178 	0.00014096 	0.00009412 	0.00088365 	0.00098383 	0.00074283 	0.00084301 	0.00037590 	0.00023508 	-8.00698502 	-8.00688484 	-8.00712584 	-8.00702566 	-8.00749277 	-8.00763359 
5.8	-8.00581890 	0.00060224 	0.00070247 	0.00028149 	0.00014082 	0.00009403 	0.00088373 	0.00098397 	0.00074306 	0.00084329 	0.00037552 	0.00023484 	-8.00493517 	-8.00483493 	-8.00507585 	-8.00497561 	-8.00544338 	-8.00558406 
5.9	-8.00385430 	0.00060263 	0.00070293 	0.00028144 	0.00014079 	0.00009401 	0.00088407 	0.00098437 	0.00074342 	0.00084372 	0.00037545 	0.00023480 	-8.00297023 	-8.00286992 	-8.00311088 	-8.00301058 	-8.00347884 	-8.00361950 
6	-8.00197627 	0.00060307 	0.00070344 	0.00028138 	0.00014076 	0.00009399 	0.00088445 	0.00098482 	0.00074383 	0.00084420 	0.00037537 	0.00023475 	-8.00109182 	-8.00099145 	-8.00123244 	-8.00113207 	-8.00160090 	-8.00174152 
6.1	-8.00018623 	0.00060348 	0.00070392 	0.00028131 	0.00014073 	0.00009397 	0.00088479 	0.00098523 	0.00074420 	0.00084465 	0.00037528 	0.00023469 	-7.99930144 	-7.99920099 	-7.99944202 	-7.99934158 	-7.99981094 	-7.99995153 
6.2 	-7.99848469 	0.00060391 	0.00070442 	0.00028130 	0.00014072 	0.00009396 	0.00088521 	0.00098573 	0.00074463 	0.00084515 	0.00037527 	0.00023469 	-7.99759948 	-7.99749896 	-7.99774006 	-7.99763954 	-7.99810942 	-7.99825000 
6.3 	-7.99687248 	0.00060436 	0.00070495 	0.00028144 	0.00014079 	0.00009401 	0.00088580 	0.00098639 	0.00074515 	0.00084574 	0.00037544 	0.00023480 	-7.99598669 	-7.99588610 	-7.99612733 	-7.99602674 	-7.99649704 	-7.99663769 
6.4 	-7.99534952 	0.00060480 	0.00070547 	0.00028150 	0.00014082 	0.00009403 	0.00088630 	0.00098696 	0.00074562 	0.00084628 	0.00037553 	0.00023485 	-7.99446323 	-7.99436256 	-7.99460390 	-7.99450324 	-7.99497400 	-7.99511468 
6.5 	-7.99391585 	0.00060522 	0.00070596 	0.00028157 	0.00014085 	0.00009405 	0.00088679 	0.00098752 	0.00074608 	0.00084681 	0.00037562 	0.00023491 	-7.99302906 	-7.99292833 	-7.99316978 	-7.99306904 	-7.99354023 	-7.99368095 
6.6 	-7.99257086 	0.00060564 	0.00070644 	0.00028145 	0.00014079 	0.00009401 	0.00088709 	0.00098789 	0.00074644 	0.00084724 	0.00037546 	0.00023481 	-7.99168377 	-7.99158297 	-7.99182443 	-7.99172362 	-7.99219540 	-7.99233605 
6.7 	-7.99131311 	0.00060602 	0.00070689 	0.00028142 	0.00014078 	0.00009400 	0.00088745 	0.00098831 	0.00074681 	0.00084767 	0.00037543 	0.00023479 	-7.99042566 	-7.99032480 	-7.99056630 	-7.99046544 	-7.99093768 	-7.99107832 
6.8 	-7.99014157 	0.00060640 	0.00070733 	0.00028140 	0.00014077 	0.00009400 	0.00088780 	0.00098873 	0.00074717 	0.00084810 	0.00037540 	0.00023477 	-7.98925376 	-7.98915283 	-7.98939439 	-7.98929346 	-7.98976617 	-7.98990680 
6.9 	-7.98905343 	0.00060672 	0.00070770 	0.00028116 	0.00014065 	0.00009392 	0.00088788 	0.00098886 	0.00074737 	0.00084835 	0.00037507 	0.00023456 	-7.98816555 	-7.98806457 	-7.98830606 	-7.98820508 	-7.98867835 	-7.98881886 
7.0 	-7.98804816 	0.00060702 	0.00070805 	0.00028062      0.00014038 	0.00009374 	0.00088764 	0.00098867 	0.00074740 	0.00084843 	0.00037435 	0.00023411 	-7.98716052 	-7.98705948 	-7.98730076 	-7.98719972 	-7.98767380 	-7.98781404 
7.5 	-7.98411506 	0.00060799 	0.00070918 	0.00027829 	0.00013921 	0.00009296 	0.00088628 	0.00098748 	0.00074721 	0.00084840 	0.00037125 	0.00023217 	-7.98322878 	-7.98312759 	-7.98336786 	-7.98326666 	-7.98374381 	-7.98388289 
8.0 	-7.98165375 	0.00060827 	0.00070951 	0.00027552 	0.00013783 	0.00009203 	0.00088379 	0.00098503 	0.00074610 	0.00084734 	0.00036755 	0.00022986 	-7.98076996 	-7.98066872 	-7.98090765 	-7.98080641 	-7.98128620 	-7.98142389 
8.5 	-7.98017762 	0.00060837 	0.00070963 	0.00027370 	0.00013692 	0.00009143 	0.00088208 	0.00098333 	0.00074529 	0.00084655 	0.00036513 	0.00022834 	-7.97929554 	-7.97919429 	-7.97943233 	-7.97933107 	-7.97981249 	-7.97994928 
9.0 	-7.97930955 	0.00060837 	0.00070963 	0.00027276 	0.00013645 	0.00009111 	0.00088113 	0.00098239 	0.00074482 	0.00084608 	0.00036388 	0.00022756 	-7.97842842 	-7.97832716 	-7.97856473 	-7.97846348 	-7.97894568 	-7.97908199 
9.5 	-7.97880215 	0.00060839 	0.00070965 	0.00027235 	0.00013624 	0.00009097 	0.00088074 	0.00098200 	0.00074463 	0.00084589 	0.00036332 	0.00022722 	-7.97792141 	-7.97782015 	-7.97805752 	-7.97795626 	-7.97843883 	-7.97857494 
10.0 	-7.97850511 	0.00060841 	0.00070967 	0.00027223 	0.00013618 	0.00009093 	0.00088064 	0.00098190 	0.00074459 	0.00084585 	0.00036317 	0.00022712 	-7.97762447 	-7.97752321 	-7.97776052 	-7.97765926 	-7.97814195 	-7.97827800 
10.5 	-7.97832997 	0.00060841 	0.00070968 	0.00027212 	0.00013613 	0.00009090 	0.00088054 	0.00098180 	0.00074454 	0.00084581 	0.00036302 	0.00022703 	-7.97744943 	-7.97734817 	-7.97758543 	-7.97748416 	-7.97796695 	-7.97810294 
11.0 	-7.97822615 	0.00060842 	0.00070968 	0.00027209 	0.00013611 	0.00009089 	0.00088051 	0.00098178 	0.00074453 	0.00084580 	0.00036298 	0.00022700 	-7.97734564 	-7.97724438 	-7.97748162 	-7.97738036 	-7.97786317 	-7.97799915 
11.5 	-7.97816413 	0.00060842 	0.00070968 	0.00027216 	0.00013615 	0.00009091 	0.00088057 	0.00098184 	0.00074456 	0.00084583 	0.00036307 	0.00022705 	-7.97728356 	-7.97718230 	-7.97741957 	-7.97731831 	-7.97780107 	-7.97793708 
12.0 	-7.97812653 	0.00060843 	0.00070970 	0.00027222 	0.00013618 	0.00009093 	0.00088065 	0.00098192 	0.00074461 	0.00084588 	0.00036315 	0.00022711 	-7.97724588 	-7.97714461 	-7.97738192 	-7.97728066 	-7.97776338 	-7.97789942 
12.5 	-7.97810331 	0.00060843 	0.00070970 	0.00027222 	0.00013618 	0.00009093 	0.00088065 	0.00098191 	0.00074461 	0.00084587 	0.00036314 	0.00022710 	-7.97722266 	-7.97712140 	-7.97735870 	-7.97725744 	-7.97774017 	-7.97787621 
13.0 	-7.97808898 	0.00060843 	0.00070970 	0.00027221 	0.00013617 	0.00009093 	0.00088064 	0.00098191 	0.00074461 	0.00084587 	0.00036314 	0.00022710 	-7.97720834 	-7.97710707 	-7.97734438 	-7.97724311 	-7.97772585 	-7.97786188 
13.5 	-7.97807987 	0.00060843 	0.00070970 	0.00027226 	0.00013620 	0.00009094 	0.00088069 	0.00098196 	0.00074463 	0.00084590 	0.00036320 	0.00022714 	-7.97719918 	-7.97709791 	-7.97733524 	-7.97723398 	-7.97771667 	-7.97785273 
14.0 	-7.97807376 	0.00060845 	0.00070972 	0.00027225 	0.00013619 	0.00009094 	0.00088069 	0.00098196 	0.00074464 	0.00084591 	0.00036319 	0.00022713 	-7.97719306 	-7.97709179 	-7.97732912 	-7.97722785 	-7.97771057 	-7.97784663 
14.5 	-7.97806985 	0.00060844 	0.00070971 	0.00027224 	0.00013619 	0.00009094 	0.00088068 	0.00098195 	0.00074463 	0.00084589 	0.00036318 	0.00022712 	-7.97718917 	-7.97708791 	-7.97732523 	-7.97722396 	-7.97770667 	-7.97784273 
15.0 	-7.97806702 	0.00060844 	0.00070970 	0.00027223 	0.00013618 	0.00009093 	0.00088066 	0.00098193 	0.00074462 	0.00084589 	0.00036316 	0.00022711 	-7.97718636 	-7.97708509 	-7.97732241 	-7.97722114 	-7.97770386 	-7.97783991 
15.5 	-7.97806517 	0.00060844 	0.00070971 	0.00027224 	0.00013619 	0.00009094 	0.00088068 	0.00098195 	0.00074463 	0.00084590 	0.00036317 	0.00022712 	-7.97718449 	-7.97708322 	-7.97732054 	-7.97721927 	-7.97770200 	-7.97783805 
16.0 	-7.97806385 	0.00060845 	0.00070972 	0.00027225 	0.00013619 	0.00009094 	0.00088069 	0.00098196 	0.00074464 	0.00084591 	0.00036319 	0.00022713 	-7.97718315 	-7.97708188 	-7.97731921 	-7.97721794 	-7.97770066 	-7.97783672 
16.5 	-7.97806281 	0.00060845 	0.00070972 	0.00027222 	0.00013618 	0.00009093 	0.00088067 	0.00098194 	0.00074463 	0.00084589 	0.00036315 	0.00022711 	-7.97718214 	-7.97708087 	-7.97731818 	-7.97721691 	-7.97769966 	-7.97783570 
17.0 	-7.97806210 	0.00060845 	0.00070971 	0.00027229 	0.00013621 	0.00009095 	0.00088074 	0.00098201 	0.00074466 	0.00084593 	0.00036324 	0.00022717 	-7.97718137 	-7.97708010 	-7.97731744 	-7.97721617 	-7.97769886 	-7.97783493 
17.5 	-7.97806154 	0.00060846 	0.00070973 	0.00027224 	0.00013619 	0.00009094 	0.00088070 	0.00098197 	0.00074464 	0.00084591 	0.00036318 	0.00022713 	-7.97718085 	-7.97707957 	-7.97731690 	-7.97721563 	-7.97769836 	-7.97783442 
18.0 	-7.97806105 	0.00060845 	0.00070973 	0.00027227 	0.00013620 	0.00009095 	0.00088072 	0.00098199 	0.00074466 	0.00084593 	0.00036321 	0.00022715 	-7.97718033 	-7.97707906 	-7.97731640 	-7.97721513 	-7.97769784 	-7.97783390 
19.0 	-7.97806034 	0.00060845 	0.00070972 	0.00027227 	0.00013620 	0.00009095 	0.00088072 	0.00098200 	0.00074466 	0.00084593 	0.00036322 	0.00022715 	-7.97717962 	-7.97707834 	-7.97731568 	-7.97721441 	-7.97769712 	-7.97783319 
20.0 	-7.97806000 	0.00060845 	0.00070973 	0.00027230 	0.00013622 	0.00009096 	0.00088075 	0.00098202 	0.00074467 	0.00084594 	0.00036325 	0.00022717 	-7.97717925 	-7.97707798 	-7.97731533 	-7.97721406 	-7.97769675 	-7.97783283 
21.0 	-7.97805976 	0.00060844 	0.00070971 	0.00027228 	0.00013621 	0.00009095 	0.00088072 	0.00098199 	0.00074465 	0.00084592 	0.00036323 	0.00022716 	-7.97717904 	-7.97707777 	-7.97731511 	-7.97721384 	-7.97769653 	-7.97783260 
22.0 	-7.97805958 	0.00060844 	0.00070971 	0.00027230 	0.00013622 	0.00009096 	0.00088075 	0.00098202 	0.00074466 	0.00084593 	0.00036326 	0.00022718 	-7.97717883 	-7.97707756 	-7.97731491 	-7.97721365 	-7.97769632 	-7.97783240 
23.0 	-7.97805946 	0.00060845 	0.00070973 	0.00027223 	0.00013618 	0.00009093 	0.00088069 	0.00098196 	0.00074464 	0.00084591 	0.00036317 	0.00022712 	-7.97717878 	-7.97707751 	-7.97731483 	-7.97721355 	-7.97769630 	-7.97783235 
24.0 	-7.97805938 	0.00060846 	0.00070973 	0.00027233 	0.00013623 	0.00009097 	0.00088079 	0.00098206 	0.00074469 	0.00084596 	0.00036330 	0.00022720 	-7.97717859 	-7.97707732 	-7.97731469 	-7.97721342 	-7.97769608 	-7.97783218 
25.0 	-7.97805927 	0.00060845 	0.00070972 	0.00027237 	0.00013625 	0.00009098 	0.00088082 	0.00098209 	0.00074471 	0.00084598 	0.00036335 	0.00022723 	-7.97717845 	-7.97707718 	-7.97731457 	-7.97721330 	-7.97769592 	-7.97783204 
26.0 	-7.97805923 	0.00060846 	0.00070973 	0.00027226 	0.00013620 	0.00009095 	0.00088072 	0.00098199 	0.00074466 	0.00084593 	0.00036321 	0.00022715 	-7.97717851 	-7.97707723 	-7.97731457 	-7.97721330 	-7.97769602 	-7.97783208 
27.0 	-7.97805920 	0.00060844 	0.00070971 	0.00027229 	0.00013621 	0.00009096 	0.00088074 	0.00098201 	0.00074466 	0.00084593 	0.00036325 	0.00022717 	-7.97717846 	-7.97707719 	-7.97731454 	-7.97721327 	-7.97769595 	-7.97783203 
28.0 	-7.97805918 	0.00060845 	0.00070972 	0.00027232 	0.00013623 	0.00009096 	0.00088076 	0.00098203 	0.00074467 	0.00084594 	0.00036328 	0.00022719 	-7.97717841 	-7.97707714 	-7.97731450 	-7.97721323 	-7.97769590 	-7.97783199 
29.0 	-7.97805916 	0.00060845 	0.00070972 	0.00027223 	0.00013618 	0.00009093 	0.00088068 	0.00098195 	0.00074463 	0.00084590 	0.00098203 	0.00022712 	-7.97717848 	-7.97707721 	-7.97731453 	-7.97721326 	-7.97769600 	-7.97783204 
30.0 	-7.97805915 	0.00060844 	0.00070970 	0.00027231 	0.00013622 	0.00009096 	0.00088075 	0.00098202      0.00074466 	0.00084593 	0.00036327 	0.00022718 	-7.97717840 	-7.97707713 	-7.97731449 	-7.97721322 	-7.97769587 	-7.97783196 
40.0 	-7.97805909 	0.00060844 	0.00070971 	0.00027233 	0.00013623 	0.00009097 	0.00088077 	0.00098204 	0.00074467 	0.00084594 	0.00036330 	0.00022720 	-7.97717832 	-7.97707705 	-7.97731442 	-7.97721315 	-7.97769579 	-7.97783189 